2021

226250
132083.333333333
87333.3333333333
61016.6666666667
44875
40190.4761904762
32458.3333333333
30057.5396825397
27597.2222222222
24035.3535353535
22798.4848484848
22109.8484848485
17670.7875457875
18138.6446886447
15243.75
14721.6911764706
15045.9558823529
13689.0264877881
12411.4035087719
12924.686716792
12249.6753246753
10271.5979672501
10129.034914361
9846.92028985507
10014.4871794872
9567.52136752137
9459.60520960521
8383.09615033753
8753.20197044335
8526.12161661105
8431.45161290323
7618.52394916911
7122.27049910873
7172.26890756303
6695.61157796452
6415.20806520806
6665.77761972499
7001.74162016267
6222.92510121458
6163.14884302689
5726.49535423926
5924.2970585852
5580.09916440149
5437.99036880432
5797.79314888011
5309.89824236818
5207.76480111008
5293.59802431611
4569.30272108843
4742.00080032013
5401.56108597285
5160.99632886536
4448.38198140085
4199.37424560066
4519.00553150553
3910.62030075188
4326.58154005704
4209.23180247521
4309.71654003507
4423.97425210707
4136.43574828133
4115.78026239581
3767.5051203277
4069.59706959707
4047.0134032634
3455.99972167136
3665.03378827786
3680.66318026237
3638.22616002923
3856.86000058321
3865.43986139057
3300.81918451347
3462.26449051792
3307.13439466864
3106.18065433855
3131.65869218501
2932.91576844208
2743.36528450452
3102.82984420643
3126.60767307392
3052.41079494128
3200.56286573575
2957.36779872102
2930.19979075968
2806.55820467722
2909.18282308914
2694.84338169182
2811.70676153241
2899.87941209851
2743.26460056797
2883.276264798
2837.41953464955
2592.23836949062
2749.03430504883
2728.07717431878
2697.4158979924
2476.06445928887
2611.24287265672
2476.76561533704
2471.47364736474
2658.26732673267
2428.04347539266
2232.87517023239
2258.06838792276
2202.92521943465
2443.7866841323
2452.87182350751
2292.42841400948
2358.0414234084
2237.70484412686
2165.87472212472
2066.80910524937
2141.06338855989
2097.97020446461
1956.83211026066
2185.59085841695
2157.70379694985
1978.46600613301
2068.05061007454
2000.36518739727
2007.7304339972
2025.88000612427
1808.62010034696
2056.07920272751
1851.43727598566
1916.42969628796
1925.83593066492
1812.69122337179
1817.71671884317
1892.32681041664
1752.82344881582
1760.54423011032
2022.77360633606
1813.05460999098
1858.67191818684
1848.6021659272
1745.09765029465
1873.77936432194
1672.20571368992
1818.78758391463
1566.95349401373
1756.70486241358
1769.46742615757
1746.2973568577
1748.38017635018
1503.19393699851
1609.91708790143
1435.78967955766
1620.63365378802
1697.00964487311
1628.2711746253
1723.04519577088
1538.39087469118
1477.25424480643
1548.5826001955
1537.97579723201
1518.61031346841
1604.39792665297
1496.11097842528
1509.3447253799
1602.45787324592
1564.9018456656
1576.80973282125
1426.62760328105
1585.1316574502
1502.61940522023
1383.18092730202
1464.30817570269
1384.48154409693
1353.56953120706
1473.98060815513
1427.75293635801
1373.05390354964
1385.65733648452
1420.02052545156
1238.62104703206
1434.42663157955
1452.284250548
1321.68588147497
1269.52306484082
1414.35570261537
1412.39595473813
1303.58285098128
1298.78196978161
1167.56819933538
1371.08849404865
1195.34758746576
1258.27799419789
1314.34363094497
1339.50765511802
1309.15197023974
1300.0252483294
1302.77662785108
1396.90098463401
1191.78521527564
1252.03464048642
1235.98083288076
1206.5258224672
1248.69816252982
1200.35375884397
1163.67494212108
1128.83747385105
1182.42607729333
1179.21428453635
1134.37582705353
1196.43915708891
1149.51627683793
1209.15122888807
1289.60425539373
1200.12984853344
1163.76866672628
1122.66701343715
1211.55756616937
1116.37799702657
1239.56094488316
1148.30255182843
1113.05344948805
1240.80947187909
1216.73217026365
1111.3035299377
1076.81264151852
1076.50715768627
1067.00567680108
1053.7237080931
1144.3779849698
1017.32945217644
1032.81881900572
1039.12952648825
1023.81861241294
1106.4201098566
1058.26494220422
1079.76252140637
1053.33674227044
1104.63939210172
1078.85370529619
1002.19274620702
1107.58967822272
1069.46314355412
1121.46483070216
1014.62814747941
1041.32367145617
1014.27695370233
1005.91183959705
983.499684026616
995.704303312689
1085.22831468916
1034.5142894912
937.573855563301
923.680204689727
966.30611689787
988.177575412635
966.011479522652
940.431729630634
919.37054863027
942.884919715918
1064.46352616922
900.832527410792
1000.07727131969
964.992068480441
1013.37528320287
898.204430765631
933.287371446002
996.300955451828
923.985949602923
958.641995211012
874.053375966947
956.825812224675
828.533209022761
864.327063566924
977.690467734913
869.045996832517
858.544610009772
899.234911539012
950.918254494897
893.019628208457
840.712080782713
864.655238609301
861.246998674497
879.878815841336
812.513438582489
777.529863312024
895.209093796228
798.606294560083
890.76581178223
817.526580165572
867.054832202457
881.48661128844
885.484421530449
906.564202760212
848.22339926958
816.216782161101
863.132428767139
822.788861208142
806.013740024846
867.981908750674
804.054786681905
865.304558677042
830.465323024413
785.970760102654
816.806390441375
795.499805651507
844.333846488871
838.176415236504
843.778208709568
806.692825965589
744.922608334197
803.012089249874
800.399116237483
823.48949203005
714.500939723115
832.95879776276
730.893164719942
758.883744525825
731.08523481023
795.097896182311
743.77668822324
771.274320119081
827.07484259937
797.610118343487
804.757080757625
828.714977457867
771.836386985342
781.730185081915
807.223604091509
781.581924853909
809.718261888578
833.344001004878
733.292961781295
747.554769655185
663.650513528382
765.97598854633
707.831762530922
674.102543854005
787.498017277265
670.064987296196
721.620925153799
701.943979705906
680.513189807649
734.653220349773
654.360191900704
692.026880207246
684.283911346383
727.286967418546
638.064862663251
713.145199311891
721.078409005589
657.027513753909
725.509293836604
644.613298140123
677.249703496122
655.242627742628
720.20783945359
726.681752161748
655.295705669171
706.880312536043
679.838781532553
679.370150545938
713.637338659651
718.66770756066
658.306937810734
681.5599232403
676.880407396956
625.310463017645
662.111176494738
708.283669321172
614.653675190245
693.487093473632
645.380735771876
620.578332839733
644.489141037691
620.084622488761
657.226255105143
650.105625340401
665.807983637033
668.160560549171
615.635316138984
704.255528173356
682.505503540896
628.031471966342
594.764798269124
640.410020909139
616.609184582861
617.63375006835
666.548560365874
642.901757676693
647.719330916102
598.251566212245
637.917131735694
607.992731656368
601.213346030866
649.531903062228
630.057017828705
586.49808007056
565.928903599406
631.530689533645
598.568135198878
600.705180355637
644.403394534968
635.26676301306
576.193968399803
644.601772930857
569.633423570439
585.734570642354
646.058727736573
595.122950992417
613.407085246166
613.031843254967
595.660691482639
575.884671060863
585.268038187137
565.785600577996
593.435062509405
630.77468098896
574.876626906263
594.028468948257
599.861218532125
612.721899219675
612.497999910015
543.039430318039
607.225549815502
576.094641456677
572.345372902826
554.340372576663
601.407150709876
601.243428011651
632.640788478864
626.445062798013
618.059408545084
553.632368862754
601.214641758536
545.297764648045
524.222791899137
558.862372272657
551.878212616215
539.154749877418
573.321270316073
542.313437779169
587.91310445849
553.455778964797
535.248121820689
536.173525354198
513.539049931485
582.367666636024
558.566584567168
555.154953411617
519.020912666462
561.641681607184
576.956985036881
577.951377841411
507.785333370645
501.130918509507
532.172915865594
524.329086482047
571.646917523161
475.817031141052
522.021557850189
524.079870636813
549.167581038172
494.553480316667
519.553551559893
527.131839677817
538.881686490182
510.745736847993
521.603137155034
537.697216824925
497.928034039095
488.209187623769
536.272568220697
525.543537475897
530.83554215063
506.426065571637
463.958482020621
490.490907185847
513.637725190488
547.368831609926
510.493413518999
511.576726161636
502.162379457582
507.359490876215
521.862367928391
496.816842576697
495.829261389427
513.472892657122
518.62731790302
519.602819475255
541.135746367064
471.210523742101
518.457634078932
499.924954895968
499.011062698542
511.183271679344
451.207194297231
475.661540958562
468.597032897236
474.778253014671
496.969877262926
495.980107227117
493.970158930744
509.060434121255
473.044168176673
519.958489395711
467.197158991641
475.137523056186
469.291503845074
465.393721049123
457.523671070477
456.572658637284
515.750338965328
483.279644794198
496.072864110792
438.316099128007
486.282616680114
507.772849670721
486.351300032409
493.226740159408
433.105834603099
464.261652844038
437.322209213735
485.530878016427
448.997894706597
470.246133085335
427.204995023557
452.19357508738
495.234766012429
448.517179373418
435.370407208633
472.491391519979
443.210724937686
463.17756109081
503.743623824504
429.39819434526
429.516714269004
457.749403601548
455.014281279575
464.517634185473
464.587318978646
426.406917097758
437.73934173555
402.623304588254
464.808260913357
462.110890825483
464.999334943462
498.172233001986
429.206060750622
447.694876292084
458.762865253649
446.094752914299
418.75414468856
449.021560586117
428.246458515716
441.079089641782
430.31454316622
450.318867118363
446.747803090626
427.020715362533
435.203456430353
445.223215647671
417.564482383313
464.191671773255
450.88036393611
467.056765281331
452.863036720021
393.437579054436
401.561264147971
445.150114026514
420.510439693862
411.866467750358
383.790467642584
407.768496093572
446.514466061059
448.298104022134
432.741338228864
443.258344260771
440.78950172286
460.85317986332
409.7208486131
407.286681748854
425.575743474725
431.799933396516
397.425811877131
416.495283862585
412.383100331158
392.781218052739
414.363147550018
388.016765547272
403.535679937934
400.409057751282
425.203514186671
414.299055065611
413.517835199912
409.491383967638
400.319375292036
429.176757433503
438.54671103456
423.550789036379
413.572397357985
407.864411091995
420.519762872632
407.394486909621
398.352847276428
388.526187435853
390.355912215089
413.723376144732
410.630437925854
386.002439798465
406.730416189739
387.164941240504
401.283465402414
381.799086821066
414.754243747665
416.519778383481
395.415590038712
351.567107475256
407.211316577566
381.285022477324
347.409230719999
393.803156765187
391.543960465709
429.732075803273
413.731943010493
382.451686228017
416.444090506753
402.077802401604
391.860470428448
398.369443761776
390.601945467794
376.422314144888
361.498027936276
381.579635354457
417.46677426271
377.157861981279
376.541097637773
406.00328966563
371.479818255783
376.334671680117
375.8097370578
370.501524221666
379.344835495533
345.821122529324
392.971294409288
427.454846733589
376.902259270848
379.459214189403
364.891255113364
389.112565360347
351.388444533866
381.752552110444
380.400185310288
357.44343331914
386.182365110741
377.882678044958
388.078075527823
353.76722429895
404.418049173259
387.802685961589
410.054170786401
391.954009710601
396.68900366596
396.824989171549
361.377466153017
384.252638085634
398.767714180395
368.050430316912
372.72408109627
343.570665511059
383.612325788606
359.813397234058
339.0976935742
387.910381632826
331.360039337373
382.981667932426
316.2180467299
363.315334808929
331.600188907652
341.474981645034
349.120144984819
384.783782976165
353.993283828781
400.578409906066
369.086366777966
375.149141651829
365.087725068883
352.123087258699
336.266970491995
344.560788111597
389.939702288062
346.449724146793
366.994285057755
350.505973913337
321.741252146711
351.66961024394
378.611809930457
367.260657510695
360.982245305219
343.836328135147
350.585093692226
350.744927080556
333.853051916187
359.049692063453
322.132705518641
339.539471201383
340.435611965006
349.189394008473
361.510824934677
358.162169887654
336.385259800854
371.294231296385
364.408901420098
351.93997690012
365.455358939247
332.597546434758
338.458589586796
352.752731409156
325.647969443861
353.136221867737
318.43287864594
325.646017612492
341.947309133132
348.419975515359
343.739456051763
316.21212053298
343.473103382793
337.453142142288
324.565671074277
323.45210972889
313.327738236217
345.947061254364
323.503205151532
325.77660984561
313.6752339433
331.024412752374
342.913977261617
294.667331132558
309.92976111009
374.14052533109
340.331168379687
337.208196161293
371.268321472826
328.799917776452
316.201666212349
317.109013757475
332.852388498198
343.907045221924
313.846855367811
339.55954453194
321.728451371987
331.346890239534
332.864561205633
311.747266111202
311.319141900697
323.583694553834
351.715553759878
313.431592590452
310.351889121715
343.028015179191
304.865364659166
321.667155189722
292.87949101728
303.72210783929
288.158770640458
306.820196540893
328.75660114753
316.490656707923
337.673288410101
308.501909642509
302.852513402196
309.020810692337
276.044226359363
310.176916034767
318.844725376782
291.171079849231
309.562898171479
293.651891935351
332.033932372701
310.306814246517
323.451173987423
328.179591627701
299.480928182282
328.658644469733
314.093573502983
296.419821488263
299.246687528003
342.277469875173
295.292027724529
323.581550211372
301.521888349246
301.153332067297
288.712870650944
322.56349901097
302.512482754633
285.091006320143
315.040453042774
296.350970355802
294.075073788062
322.60992278217
323.511466686906
286.704081929507
317.668467458079
322.919354471912
296.885988298419
333.333422841149
312.951317561061
321.934940951
286.684608716202
320.503910483187
304.563677396933
284.360560941941
295.789822392802
313.347595403683
309.861346767921
286.690743039156
304.180440920929
295.215874297182
286.239317812903
315.947216490793
302.09992890609
285.18526252768
287.904071361051
263.735531965599
298.144014484141
287.443252174193
266.43004549928
324.402982856602
326.460805962157
293.31721087316
267.564025000748
269.046955337598
306.793968736971
299.779174739903
295.780292307525
314.056317257366
328.725321703244
318.115787405167
281.770303434345
290.424227102574
271.531136420373
289.142872251657
278.055089838504
271.754965992587
290.486884699586
275.864923598718
258.3128481761
271.658042188765
320.499110677896
269.232197919921
296.098640898522
268.001944610463
288.318553028814
272.061255064063
279.401404422868
262.062631775538
286.375398039931
315.356264519384
281.633094131944
311.105714531464
263.427787576554
277.14590328482
297.770664021413
283.486130829581
299.437587282134
281.633100023795
276.664685786219
274.034656882675
291.114132329035
294.811102285588
245.96111178526
249.716317060894
293.77752808685
304.355688406532
259.191470648698
280.704626370496
292.429954450646
286.938365847466
270.604825226071
283.990900419602
261.403832522216
270.826529288623
283.61988710417
259.970060247024
270.448135791873
296.229826760271
291.387137590517
254.24946962843
269.802820391513
277.98339368651
283.845444976091
273.400508331134
265.185607512215
262.669249835268
271.892487448829
262.053171973227
244.401548920629
264.304715188147
272.385800297373
272.626377622119
274.54240258163
285.953221595228
252.768490358986
241.934883792627
249.458046656025
295.771437610451
265.514321280808
276.845159079974
253.86559691536
264.104302719993
269.303532257594
271.220224303335
262.643397904478
284.920680188269
267.009459597846
277.715637411099
264.787046573365
246.435531684179
258.201530420305
277.050426966578
244.002808810775
290.065090819969
283.777423877799
241.024648256426
289.673376884589
273.608012574648
269.536942600396
284.920502745348
284.638527948387
268.085945051388
270.497985666263
249.190368587051
230.066403844559
259.947714549875
278.488891120073
258.336537978716
256.441835281306
260.442737406079
264.455708554401
268.453250958919
245.741926355116
270.567109060076
253.215373031504
247.052102201057
247.887089100999
258.242165959377
259.039172323011
252.933125197696
251.045326479952
243.383472941021
252.10861085594
264.497829858082
256.340821489812
239.719942003306
261.049337800695
273.912836926237
245.26376351382
255.488025458258
256.304183504997
260.185882864385
254.166625749755
260.713319464373
256.276163095918
229.398581897825
283.858562332967
249.716607065723
265.060380713371
227.417577497075
266.61691338361
232.640350463699
273.803676973638
273.012033211511
266.522565358941
246.637543036658
247.953043438835
240.976501042646
251.037314427797
263.095915931553
272.073967425333
236.414481435352
251.026203026912
262.026653897533
245.913701603818
257.91367049085
218.37152356171
240.56203745473
250.495192438891
252.292050901792
237.292637815922
248.207916066146
248.477193872585
236.073544610872
280.869474821961
261.369551427292
254.551103840767
256.291526187627
257.559506602695
240.189925408279
273.645945366084
221.11311590152
261.547229223745
238.712141486794
242.47194191496
234.23225329538
261.504034004034
231.255777156975
253.495042776898
246.74185806728
255.478629620247
246.281561192793
229.643535772623
240.311884152909
221.718821248882
249.755216566538
263.858984410938
234.436065526305
254.438863641583
240.859473598911
245.573838522273
244.31558602359
258.865089033538
246.297249962128
249.019171335077
258.092848800862
240.201878430916
245.828341936106
222.602755651658
247.801110516403
230.949422337309
233.188838484465
247.077951090073
243.902959273322
243.675661599976
250.733152832524
247.094952360288
241.022051811909
240.29790396418
228.460815577073
237.915739727103
231.895757080771
229.233156472056
222.281385810296
229.770204689485
230.983944063543
253.84804385416
210.374647747392
217.848002615418
229.621959198335
227.9556144926
252.159097788026
228.015140431169
228.265789106791
226.63627919027
219.248277513437
237.153308291522
226.468226547818
235.259400417756
242.658140768544
215.847568632866
230.334919005336
215.90641593741
229.412171244505
234.874928283163
241.727715093063
226.888157255189
244.589496024461
220.326595022184
222.019827193401
220.876600976691
226.761902013443
235.466292470652
238.05415719102
216.278123827467
202.988646691657
222.430788960832
230.629091967842
236.922917567615
226.937766838826
238.824244672694
218.146047020363
243.031073494627
248.374718222033
239.78949197931
226.138334636613
221.302744998035
248.373460046369
221.334430678833
201.293569065716
196.956576076733
236.409375601763
208.562270709433
234.144623016401
203.130927421845
226.362487127815
225.241155227303
219.533061981703
232.124008983543
217.740957699703
239.019828264445
215.980086939508
212.125892014263
225.152076004482
223.589197585813
239.310149783158
230.917789263387
221.626635413112
229.140404350623
231.187698308597
210.16422973978
217.206057415558
209.769016495857
236.688373957615
214.345309344189
210.091076645979
218.00302090502
223.67198804267
231.570029882043
196.771157406149
221.267448038578
229.152439589369
202.052917094728
205.469081270731
214.659462736679
210.46297092458
203.557095441152
245.315919835617
237.977475725683
217.721605579204
224.661164683791
231.552817161074
222.905500367831
221.812134695762
191.930271210044
217.006612944139
206.192747990886
226.789698887552
209.35109610876
207.856826744553
226.636864153081
235.240770368663
207.755018423163
207.138728109927
215.718949460156
199.291862224135
209.200927875958
201.147814902723
213.225886437355
233.160677625424
197.984935260577
209.166887568028
206.378372916798
190.067119549718
210.799511646843
205.840260904109
213.038965723554
222.854247855257
208.757201332317
214.218891335432
226.604274907473
219.479039078537
223.175183485825
222.99351173431
215.448389443146
199.309382378466
227.597749314105
230.836629827823
213.431451338568
205.069400979679
203.59350642165
200.860218999402
222.985694611646
203.507057886855
217.461381047663
198.018984110158
189.319532561145
220.319064064164
205.623767810222
187.548204620414
210.80757997592
200.847462004846
215.982073915631
211.120266451398
202.874731936883
208.219769439821
216.946305365106
220.575086299176
217.861499192782
206.688316197541
203.975318790923
210.55850815007
187.598295315274
218.187575381551
215.919030817057
204.798207055418
208.404442845623
209.493491241272
203.867871157725
210.80993834873
184.249706259491
189.956417993936
204.841480622768
210.104790426494
185.304673884546
201.829655509623
214.580927371014
194.828984489261
188.02136423776
206.987739531535
209.719699260737
212.872042991505
192.370458022825
195.122499190658
206.547637062895
194.786703508373
197.511452040803
207.684058136314
195.95268283533
206.918207086412
194.821073299359
185.60043939488
217.927319851398
203.365248444334
181.033480783456
210.418732903002
197.946798407738
216.619701185449
193.115322514602
206.873057268955
197.722447932566
186.134457045461
185.16130757396
181.342247026191
193.41419957557
207.070672039071
197.57255865908
201.465543605213
213.062930363157
212.086344437372
205.837655888215
194.727681706581
197.014991576613
189.167345094347
189.026952803652
208.236697330169
199.194220780203
211.925564861769
196.863487405719
187.440019880211
189.308688424804
196.789743709008
187.390351953599
198.872180977689
186.289098980128
195.362073248342
172.399362559592
173.065069988737
192.892663474406
195.935520326932
200.170951985452
184.856127051643
202.618213887227
182.571878162371
184.410248093188
205.31476069952
188.897093351619
185.180887399996
184.641403719613
193.188637523802
198.569703719928
202.366871701203
182.861589584321
176.798080725208
193.205863109086
208.833007223852
203.148698021242
193.55675685964
203.225455249534
209.741718969502
208.005070902613
197.251226509413
200.618374622085
189.901891687756
191.304463855007
190.761831380517
201.958333257039
188.521861424808
184.097415955539
187.844045583416
177.96466790436
199.989720630965
190.111732364729
196.200260416063
195.649174453944
188.117104843963
199.999720732551
211.461903967046
205.111375332325
181.367763433002
190.870255439551
190.729432788938
195.603651757276
204.323618572575
173.729409844167
202.464639651785
201.155050068987
193.304285698846
185.875282206028
201.846337259794
183.667128156319
186.210730615082
191.804128214211
175.602044680887
191.12537216562
171.497094721863
174.047844372259
198.695442342915
195.509454637327
207.158908412173
175.038350373519
175.281713211908
168.306437747202
198.558788087082
183.240243670579
180.065552774823
180.305617514424
186.604794406713
176.628338738731
180.65319150479
196.757988545067
167.542902769657
189.294814802996
180.869031627127
185.609540888518
191.869074679546
178.562110724097
184.452595011534
197.450848250945
187.923688683155
186.659491886431
181.267527441958
179.632044433483
184.746449191364
164.429548130412
177.378155838823
185.063222323191
202.835950856479
165.053829625558
190.244623713018
177.081958995306
169.142221601241
184.992304234699
180.779814816744
175.074467100484
191.986390785292
181.488629582747
184.687068758412
180.106026902681
177.753424192819
178.727243496418
183.386950717653
182.534372800051
174.289662285791
190.721127996796
161.145470113127
173.164208598093
180.392879589665
179.507072201895
181.583941405299
178.145519072791
185.717253117952
190.340517934259
172.275328499805
190.051814380184
174.226237430337
164.599081106616
178.334865044924
166.912018741321
179.904939245648
178.675940396083
181.815289459026
155.887424557169
178.295372197738
173.442932117727
181.656280837186
156.883535915028
170.533855732259
159.90793918952
180.403887454155
173.768813784763
182.664453864711
171.350180978655
165.467118817652
178.68033298018
179.621753204615
185.611524568459
180.440824340453
179.954589923383
160.086662205445
189.026204838454
171.684853035957
189.117920142008
185.39806297043
189.561129657706
174.764893305735
170.359190234281
162.746510869481
186.172048848019
191.019515326101
182.338223103944
166.197495130816
169.63092299633
166.675012431837
163.71395031166
170.689696321062
167.020022858787
169.740548739043
168.561773269714
179.062941859611
170.434979141303
175.980981233674
177.966616284122
184.897689412744
178.429022927565
180.771539854781
194.363982420509
180.507196700186
171.94439735016
187.635977002736
166.429637136181
161.0514075148
177.069470150095
169.934484859341
160.362438041606
165.149482647322
170.984897788838
172.615611114346
159.213009041751
154.914397816532
165.273430166938
172.121314708977
168.187135907656
179.193986684084
175.945102745212
178.594570081152
170.834787126151
164.120456371531
171.982643912533
178.443846430561
166.205234079219
157.787146171158
174.955866916173
182.106403833092
172.656949963139
162.530891223686
159.312016893657
167.811274176207
166.316866448916
160.014004553048
181.570701793816
160.136280199756
178.574508472256
165.402255340834
155.009923050452
175.457723477876
161.6400864212
173.855882180424
187.069711047848
181.47479857419
154.713584193695
168.250543403769
159.958612719527
156.43707589245
177.111031794484
171.209315744223
185.374626911469
168.259137995931
180.706075901864
167.688691213038
169.27766528574
160.334162925835
149.392543023464
160.805112960186
169.487173605255
162.607595958061
170.600354676835
155.298197663776
158.232352709752
160.827437334571
153.970071818263
155.549439683115
166.554294661416
164.08629032477
169.356885516068
169.909547950031
146.310304814964
167.68125682561
160.852076467792
166.113002799596
162.982596796989
160.19486048451
153.415799549307
163.996229550028
176.239002859999
147.761620044575
160.331117332348
164.885423624966
160.790280063638
155.354414093025
174.202802101788
160.130693444032
150.394002248543
165.556105073019
174.397477173071
166.664703111165
143.046578502085
139.642184523047
175.270466255627
150.032611819047
154.222636385896
170.630339420038
171.836178118136
156.892728762386
160.736083905105
165.565777855597
153.294024475973
146.613210008813
161.299418149221
171.702326184536
167.001003756267
169.841019364984
170.708604436615
146.035414267907
154.123045058351
152.054614672626
162.087024093897
177.007223836611
148.176162854621
171.882439486304
157.426246269271
154.076759385436
149.743404379009
165.905294662468
158.651833085981
155.953661282979
162.338303720922
169.373287436183
171.851590659519
159.100395894603
155.119313279778
144.661875053431
163.327226031406
173.883280429143
154.079373108529
164.625887750182
156.12904165688
145.067285510684
159.15592555327
146.48983664889
156.044980823286
150.799935677063
141.06518964477
155.108865287182
161.750575551943
151.377860641734
160.255183572634
138.053354359487
164.538807830965
160.913632944052
175.190193144061
163.25552977651
164.115458382872
156.023308279146
154.659077635601
152.333640553931
156.690540928173
155.003308186187
147.585940437574
169.418871033061
158.5198064036
155.867780887082
146.579849798798
150.918062661542
148.596199057682
151.67487236342
157.277891429245
168.246755514992
146.646021699309
156.027468137365
142.047449592123
148.587414234878
149.126030078279
162.890722699852
146.411969146873
152.919642129967
158.483650184257
149.596792015611
151.071397679265
159.45094374284
161.542118711758
145.76861851533
156.321851133527
154.354465685579
167.393819810896
145.395951817117
159.689069580691
155.222518395182
159.797922244168
144.100331865626
157.102769256355
154.514039279234
146.327635265383
146.859632182364
147.072479705221
149.15788660894
149.375222155927
147.119188315409
160.978426812225
155.307029638464
158.300061596705
153.877070179655
149.745587988381
137.294725553002
151.118601221847
149.161197729306
156.795275135985
153.300822497147
161.835728121049
146.33091803188
155.781738774536
141.845024043268
161.132943388438
147.504719368301
154.481582918152
151.020811942583
153.06335419577
148.37842971123
147.675704862708
132.884638469126
162.787711683935
144.954322687484
158.923094330239
138.977654676283
153.538863527671
147.647851048571
154.579127962126
159.347190246024
145.2511867631
138.165422374497
160.888088211555
151.359657885259
134.875928104293
146.021232141626
145.624816129295
136.747527320043
143.334807691779
164.443049054687
148.905471041612
143.981195649001
136.935636846581
159.521553349658
139.798153824781
135.784292836495
147.171630541569
146.17040046837
135.542170860828
145.996395355884
166.667039582531
144.011237733288
144.833002733352
142.338018670739
157.86693747631
151.775229993773
150.487889326799
147.093359134802
150.006998769864
159.484630423038
146.537902690503
145.547463489813
148.154934961904
126.865495449843
138.426073062221
152.055654842124
151.377610484536
136.393728931025
147.622775978031
146.048098380427
142.989849671876
129.530778634925
155.873225567822
141.83360407643
145.913108437622
137.515207362855
147.513787862925
146.826667402868
149.998606117964
145.767889778639
134.751427877812
147.377814967566
133.410129071432
145.715759334524
144.169346828283
150.565374928943
136.339125935294
144.20628866708
142.643949520601
161.964252036716
146.590696356526
132.708541812518
134.392259098196
140.465945409052
155.62841005882
142.937919086502
152.809285721836
148.621682905541
153.216553961484
140.270563144955
148.360909395653
136.6065468759
146.438697525037
141.400949957733
136.079228280861
149.096423056304
145.227862761961
146.885530947361
154.363176946028
143.527630201073
139.666389123055
154.671756310004
152.258992565949
142.319184046823
143.387250249712
138.106792946875
147.28060220748
132.450351127621
142.192027971442
139.802251804402
137.987765604576
141.950048636289
136.383703095044
145.824322352075
149.192393234103
147.09153681548
139.820518906603
143.185247006629
143.963541167725
150.2002167747
157.005100702469
146.582897240893
141.915309451953
134.09332000353
123.424316433232
129.940478369561
146.447368520285
126.645596203949
147.429885015006
139.91271207246
136.409177407816
144.040748883563
149.082442868564
151.282221850893
126.711025625845
141.152609747692
128.555339868073
140.70802234314
128.125969776034
128.04886110719
135.923157294051
130.740641995679
142.575307905314
150.993756811973
141.279733283093
131.291342119432
130.096900576192
145.563430738065
138.134802180287
128.457384899319
147.010152358311
133.951528931408
134.726336540862
135.775920516957
128.942552420691
149.688597330214
142.862842441062
128.72163663429
137.073763436991
146.268985997382
135.243667699765
145.825901670106
140.128250370089
130.254299732336
122.618344833658
141.022385885514
141.496229901944
125.491915766595
143.01333312536
142.658985165085
132.526635947751
120.191183516404
136.563232046076
134.260910979349
130.84679183449
128.550214194288
134.320241987202
132.29201682996
141.114975224101
133.810852502505
129.302937230156
120.075650652385
148.282832876054
139.883676616031
130.951311011579
140.015974087742
135.788310107632
129.625355920572
135.913897673466
132.516764521851
134.655559194747
126.862471316518
136.161204918633
125.067658785678
135.74228618379
142.545839859735
130.642000089838
134.964572960507
122.528531402802
126.850214729503
131.994496992846
145.913638007219
147.751899659785
131.236184167752
131.982179711121
120.962430410553
132.116688221232
142.697947175445
128.413213407515
133.806818600189
128.276155180688
132.030705643842
121.044813339444
134.880954436349
115.468410555524
127.647417076608
141.186522357554
132.951810880945
130.706967601405
133.619937846402
130.023046681138
141.072427981384
121.749588396272
139.293049004008
132.719690549735
136.70554133915
126.62513827852
136.019330773252
136.482255264987
142.085949309609
127.700516128103
133.837609968657
134.571570807582
137.999583782144
132.808003585982
133.277313220864
131.595143263306
127.758885771584
141.128316546426
133.258371018362
130.507433876597
115.673790652663
123.385237053655
131.899897709961
130.762139925387
136.577450503096
129.817273846225
140.452021405422
131.287860081465
121.061116679613
139.158984412807
131.337107695027
132.867880910989
121.329780583286
136.722395935688
122.8080247203
133.652828492296
127.727092119716
126.597727322542
118.288145956244
136.556296195931
124.005239323625
131.636231340213
126.26473521882
133.617530413394
138.845155853268
119.171767256332
124.406133008176
136.504302375321
134.85222753421
127.640476303969
124.669421111823
139.384618219829
122.955567014989
140.821956730448
129.417370645895
137.516368972873
131.386332367908
134.207899328621
128.61181867311
136.169000611987
120.8562782213
122.642351583158
125.194373136387
130.639125059815
126.63870241194
135.220405371399
126.509047843703
129.062255459222
127.160750657197
130.49450964342
130.682607668255
129.312668288607
115.66497999591
128.651541990587
126.501513402238
128.000501943459
129.489917140588
130.731070907544
121.29032069038
134.750188924831
126.361271229543
128.636906585425
128.308724196575
131.881974632655
131.030005614123
127.851220759403
126.226642886741
124.868589579465
127.907906390774
124.220392024468
123.125884399983
138.574916926943
133.072804849305
134.296459929468
127.522779160279
130.29402059429
109.077110534171
117.009247835471
116.176433038625
121.781539969446
112.711507279622
125.004104530289
135.221554533688
128.463375561463
121.980165511536
133.986476948779
122.62975487418
123.589878251523
127.887080950716
136.784105032644
132.615707634495
127.939413106274
121.99515123608
114.517208195814
121.364188469451
116.699934759038
125.828467075496
130.869824714943
118.812902059273
118.506208495685
137.546137394786
127.795355341839
122.897916498194
116.226488243508
133.451833387551
122.713029504532
117.825278392191
128.171306095526
126.839172244829
122.973020996319
107.449427973796
120.570586804747
126.83096014602
123.734950988279
120.385320782213
127.403592691906
126.325792185826
130.30354483528
122.662903562912
124.112857903662
118.509986394107
116.181470561547
120.649585516794
114.802740231671
113.234136073132
133.550300829048
122.169422420158
130.907557281628
133.350080660545
111.445784144627
124.186791079304
118.359219157737
125.311906281524
125.249879090337
120.93240223725
123.123126132142
133.816664463363
122.752628313157
116.190283854077
115.889857767671
119.324012604227
125.49875858434
132.417962562207
132.103694260116
134.777661014064
131.721996641477
121.950850639329
120.148391910681
116.106074513285
119.28615006675
121.209286719073
114.942795465756
119.846070881865
125.499603646194
118.739108912322
122.145245165705
122.087694354593
128.708464200158
112.075313172089
