2020

41
46
59.5
36.5
61
39
43.5
34.5
48.5
50
40.5
77
79
45
39
67
46
59.5
48.5
50
52.5
62.5
27
49.5
50
58
49.5
64.5
58.5
61.5
71
66.5
52.5
59.5
40
39.5
44
50
74.5
67
32
48.5
48.5
64.5
53.5
43.5
81
34
54.5
49
50.5
80.5
61.5
61
54
34
41.5
57.5
53.5
44
67.5
71
81
47.5
59.5
57
65
54
51
61
75
59
80
60.5
31.5
44.5
44
33.5
54.5
57
48.5
54.5
55.5
51.5
55.5
65.5
55.5
40
54
58.5
65
69.5
70.5
57
57
84
48
71.5
45.5
79.5
51.5
47.5
83.5
29.5
24
52.5
71.5
54
74
69
63
47.5
44.5
37
61
37.5
49
55
63.5
45.5
52
52
54
37
38
49
45
65.5
52
27
42
54
45.5
70.5
51.5
59
51.5
77
49.5
51
58.5
41
35.5
72.5
70
50
33
50.5
28
46
59
53.5
51.5
57.5
47.5
43.5
33
64
56.5
35
58.5
59.5
73.5
75
59
58.5
57.5
55
28
36
72
53
52.5
42.5
66
39
49
43
60
63.5
38
50.5
56
72
36.5
41
32.5
58.5
45.5
30
72.5
75.5
70.5
37
59.5
51.5
46
63
40.5
62
59
31
64
31.5
43
68.5
37.5
35.5
77
60
69
58
59.5
54.5
47
61.5
81.5
59.5
62.5
76
57
51
40.5
31.5
76
37.5
37
52
50
59.5
61
48.5
61.5
54.5
50.5
59.5
59.5
60
79.5
76
61.5
44.5
60
38
48
64.5
62
82.5
42
32
51.5
62
44.5
37.5
63.5
50
61.5
66
55
53
66.5
60
67
49.5
50
84.5
38
32.5
62.5
49.5
39.5
62.5
58
46.5
62.5
56
32.5
43
36
66
48
41
27.5
66
37
55
41
72
74.5
65
63.5
50.5
48.5
54.5
42
74.5
41.5
45
63.5
67.5
52.5
35
58
69.5
68
51
41
73
55
33
62
48.5
46
35
61.5
33.5
63
52.5
65
50
86.5
69
55
65.5
78
62
62
68
70.5
29.5
60
56
32
42.5
58
32.5
45.5
70
44
46.5
28
34
64.5
31
46
49
60.5
59.5
34.5
35
57.5
31.5
70.5
67.5
41.5
51
74
42
46
62
62
48.5
55
39.5
59
51
47.5
64
34.5
42.5
32
58
53.5
63.5
53.5
53
34.5
64
65
63
48
30
51.5
64
25
74.5
65
44.5
43
55.5
45
49.5
59
43
41
40.5
73
45.5
43
61
52.5
52.5
50
54
62
66
39.5
56
59
52.5
22
78.5
39.5
58
64.5
51
56
53
63
60
41.5
65.5
43.5
50
56.5
69.5
73.5
77.5
73
57.5
52.5
43.5
42
44
50.5
56
38
56.5
67
53.5
46
26.5
65.5
47
67
52.5
46
78
48
63
46
39.5
51.5
52.5
45.5
28
54.5
41.5
62.5
54.5
23.5
59
45
48.5
61
49
46
47.5
40
60
56
55.5
34.5
38.5
42
72.5
67.5
45.5
48
47.5
58.5
55.5
43.5
62.5
61
54.5
62.5
53.5
58.5
47
63.5
48
36.5
39.5
46.5
63.5
46.5
41.5
64.5
63.5
44
47
60
41
64.5
46.5
29.5
35.5
58
75.5
47.5
40.5
59
63.5
66.5
59
47.5
38.5
40.5
48.5
38.5
52.5
44.5
46.5
57
41
58
39
51
67.5
45
58
35.5
47
57.5
56.5
56
51
35.5
28.5
43
72.5
79.5
63.5
39
59.5
48
53.5
49.5
50
57
41
55
62
38
48.5
49.5
51.5
57.5
45.5
78
73
59.5
41.5
41.5
53
45
46.5
26
57.5
52
54.5
67.5
46.5
71.5
54.5
55.5
56
56
48.5
36.5
42.5
70
44.5
28.5
45.5
32.5
67
55
50.5
31.5
73.5
38
65
62
81
47.5
56.5
45
80
31
37
57
45
59.5
57
35
57.5
42.5
63.5
34.5
67.5
48
58.5
49.5
21
51.5
35
50
71.5
58.5
64
66
38.5
63
63
67.5
29.5
40.5
57.5
46.5
45
61.5
59
53
39.5
64
46
40
41
64
60
61
49.5
47
49.5
51.5
40
59
51.5
56.5
63.5
62
45
57.5
76.5
63.5
80
75.5
63.5
58
52
46
69
41.5
58.5
66.5
43
54
44
59.5
28
45
52.5
29
41
50
45.5
75
71
68
40.5
57.5
66.5
45.5
57.5
52
68.5
37
57
33
49.5
60.5
77.5
59.5
44
63
24
83.5
26
50.5
56
38
52.5
64.5
66
57
54
69.5
80.5
26
47
58.5
66.5
45.5
46
51.5
41
71
60.5
37.5
53
42
43
63.5
38.5
28
69
42.5
33
50.5
55
53.5
35
47.5
68
61.5
76.5
50.5
52.5
47.5
45
62.5
66
54.5
40.5
60.5
49.5
46.5
66
45
59
41.5
73.5
49.5
31
46.5
58.5
33
50
34.5
28.5
47
56
59
56.5
28
54.5
37.5
50.5
32.5
40
39.5
45
58
66
64.5
57.5
53.5
63
31.5
46.5
63.5
57
60
56.5
32.5
43
46.5
45
43.5
66
61
48
42
45
74
39
60
61.5
57
61
63
70.5
48
61.5
33
51
55
66
50.5
45
39.5
63
57
41
64.5
49
41.5
35.5
24
47.5
65.5
53.5
78.5
45
44
42
55.5
46.5
59.5
64.5
86
62
57
42
45.5
56
34.5
30.5
58.5
42.5
35.5
48
46.5
61.5
52.5
49.5
31
49
36.5
38
48.5
78
68
39
52.5
59.5
47.5
75.5
55
35
58.5
55.5
68
38.5
35
38.5
52.5
45
55.5
39
60.5
64.5
69
35
39
68.5
46
39.5
55.5
50
69.5
45.5
39
64
36
72.5
40
48
27.5
49.5
46.5
47
39
56
63.5
52
32.5
40
52
56
58
34
53.5
55.5
29
63.5
53
59.5
55
59
45
52
43.5
47.5
66.5
49.5
63.5
59.5
58
52.5
80.5
54.5
72.5
56
62.5
44.5
26
43.5
53.5
61.5
45
61.5
52.5
54
64.5
49.5
42
21
65
45
56.5
50.5
27.5
50
52
54.5
59.5
42.5
51.5
45
64.5
37.5
75
39
58
58.5
50.5
49
57.5
53
55.5
67.5
51.5
41
50
77
54
66.5
55
24.5
73
59
64.5
49.5
50.5
65.5
57.5
37
49
40
45.5
60
51.5
37.5
49.5
68.5
58.5
71.5
72
53.5
57
77.5
54.5
64
51
51
36
65.5
52
44.5
62.5
42.5
70
61
59
32
38.5
57
63
77.5
47
49
75
46
69.5
46
72
63.5
63.5
51
48
57
55.5
69
53
38.5
62
73
56.5
53
57
49.5
51
57
46
50
48.5
46.5
56.5
43
42
33.5
52.5
80.5
61
21.5
48
51.5
50.5
67
45
58
44.5
40.5
49.5
30.5
58.5
51.5
79.5
52
41.5
64
54.5
36
52
57.5
37.5
56
43.5
55
33
72
48
60.5
69.5
76.5
65
58.5
60.5
40.5
46
48
46.5
47
49
40.5
45.5
61.5
39
61.5
42
61
46.5
62.5
35
49
71
74
60
66
56
37.5
65
51
53.5
54
33.5
48.5
43
71
55.5
58.5
25.5
55
50
60
21.5
46
47.5
79
70
67.5
71.5
41.5
66.5
46.5
50.5
39.5
47
58
44
58.5
64
61
56
49.5
32
49
40
61
58
54.5
49
42
41.5
45.5
38
46
50.5
72
48
52
72.5
65
47.5
69
68
66
59.5
49.5
79
37
47.5
57
47.5
53.5
51.5
47.5
56
48
41.5
43.5
34
71
55
52
61.5
47
70.5
71
65.5
53.5
59.5
47.5
40
54.5
70
48
46.5
73.5
55.5
35
47
35.5
41.5
62.5
59.5
37.5
48.5
42
66.5
49.5
60
58.5
44.5
52
43.5
53
40.5
65
41
53.5
69.5
38
43
54
58
60.5
59
46
53
62.5
52
44
35.5
41.5
45
40
73
61
54
77.5
53.5
58.5
74
19
63
40
62.5
60.5
66
48.5
49.5
40.5
35
55.5
43
60
32
34
33
65
53
46.5
48
44
52.5
46
64.5
41
49.5
51.5
57
60
44
39.5
48
72
63.5
66
58
70.5
75.5
74.5
50
66.5
36.5
52
73.5
46.5
66.5
34
56
40
53.5
80
51
41.5
80
74.5
76.5
55.5
33
73
72.5
66.5
44
52
70.5
54.5
81
48
44.5
62
46.5
73
26.5
49
52
45
82.5
54
47
32.5
46
56
56.5
67.5
53.5
31.5
45.5
56
56
38.5
51
74
39.5
54.5
48
67
49.5
77.5
62.5
43
44
53.5
44.5
51
44
75
58
41.5
55
50
40.5
60
51.5
37
77.5
51.5
52.5
59
42
49
64
44
53
46
51.5
64.5
40
47.5
46.5
72.5
71
58.5
40.5
62
34
44
61
53.5
35.5
44
50
67.5
34
45
41
37.5
26
59
63
52.5
44
50.5
59.5
51
65
46.5
66.5
62.5
48
61
65.5
66.5
64.5
60
47.5
59
61
64
69
52.5
26.5
55
56.5
45.5
26.5
38.5
72.5
63
39
54
47
83.5
81.5
67.5
47
82.5
68
45.5
50
65
48.5
36
51.5
52.5
62.5
39.5
24
52.5
58
33
68
49.5
70.5
63
65
44.5
57.5
49.5
60
49
41
84.5
45
46
40.5
52
59
57
55.5
47.5
64
35
61.5
51
40.5
72
66.5
75
53.5
36.5
58
45.5
51.5
78
63
70
65.5
69.5
60.5
25
45
55
38
63
47
49
47.5
41.5
30
36
62
45
64.5
53.5
66
49.5
31.5
58.5
48
45
53
56.5
61.5
46.5
38
54
53
51.5
50.5
52.5
42
63.5
54.5
64
41
41.5
59
41.5
42
60.5
66
60
45.5
44.5
49.5
35
56.5
67
78.5
55.5
50
41.5
48.5
52.5
57
57.5
62.5
49.5
59
50
45
35.5
63
68.5
51.5
74.5
60
56.5
49
56.5
52
51.5
85.5
38
51.5
56
51.5
26.5
38.5
42
53.5
45
53
58.5
35
50
64.5
65
54.5
62
76.5
43.5
66.5
65
39
49.5
58
58
76.5
28.5
72
21.5
41
43
64
56.5
64
50
44.5
38.5
59.5
64
46
41.5
44.5
61.5
45
54.5
67
60.5
41
74.5
47.5
64
72.5
55
45.5
58
34.5
75.5
60.5
32.5
31.5
58
40.5
66
61
63.5
46
79.5
27.5
64.5
48.5
38
55.5
58
64
63.5
35.5
71.5
50.5
59.5
59
58
51.5
63.5
44.5
41.5
35.5
68.5
54.5
54
36
64.5
85.5
32
63
56.5
55.5
41.5
74.5
23
31
56
62
56
56
48
50.5
67
46
35
56.5
37.5
37.5
58.5
67
42.5
63
51.5
77.5
69
46
50.5
82.5
52
69
44.5
50
23
38.5
70
63
38
52
60.5
49.5
45
38.5
54
56.5
25.5
77
56.5
73.5
39
58
51.5
31.5
43.5
77
48.5
50
55.5
52
74
57
38.5
42.5
44
74
50
57
70
64.5
74
38.5
66
57.5
45.5
52
43.5
78
63.5
62
76
46.5
58
57
73.5
42
73.5
44
52
39
64.5
41
45.5
49.5
82.5
49
70
77
42.5
53.5
73.5
69
53.5
69
42
38
47
33
61
51.5
40.5
59
76
52.5
64.5
51
54
44.5
53
29.5
30
47
55
58.5
68
51
32.5
67
39.5
58
49.5
53
44
72.5
55
43
52
64.5
46.5
54
67.5
61
61
46.5
51.5
37.5
49
36.5
68
54.5
60
28.5
46.5
47
68.5
42
38.5
43.5
42.5
67
34
51.5
45.5
65.5
51.5
57.5
57.5
48.5
36.5
63
30
61.5
61.5
40.5
55.5
56
58.5
57
35.5
38.5
25
59.5
81
63
66.5
43.5
45.5
51.5
43.5
47
57.5
53.5
49.5
23.5
52
30
35.5
61.5
69.5
55
36
67.5
47.5
63.5
47.5
71.5
33
51.5
61
64.5
70.5
46.5
64
60
58
53
54
74
47.5
52.5
54.5
50.5
32
23
55
77.5
52
61.5
59
61.5
57
50
38.5
54
59
39.5
66.5
57
61
41.5
31
43
72.5
44.5
50.5
47.5
62.5
40.5
62
53.5
63
46.5
66.5
40
71.5
60.5
78.5
46.5
68
48
57.5
53.5
43
76.5
35.5
58.5
60.5
41
69
57
43
57
63.5
57
38
31.5
59.5
60
44.5
63.5
63.5
55.5
58.5
51.5
50.5
68
60.5
59.5
51
58
32.5
54.5
71
57.5
57.5
76
82
41.5
35
32
24.5
38.5
48.5
56
65
45.5
57.5
68
55
49.5
63.5
47.5
62.5
52.5
58.5
37.5
59
34.5
54
64.5
31
75.5
63
57
45.5
53.5
61
51
34.5
56
59.5
48
39
56.5
24.5
55
64
73
57
53.5
44.5
42
66
47.5
28.5
53
47
44.5
69
78.5
55.5
43
40
59
39.5
77
65
45
64.5
60
31.5
64
36
63
72
77.5
75
74
47.5
42.5
47
66
43.5
46
43
75
46
40
45
